{
    "name": "CharacterArmature",
    "id": "4b0704a1-ba9d-4e40-8b9e-bdb1fd320f2f",
    "bones": [
        {
            "parentBoneIndex": -1,
            "index": 0,
            "name": "Root",
            "id": "a8ae4a14-4a92-4c43-b63b-957a66ef20cd",
            "matrix": [
                0.9999999999999432,
                0,
                -2.3841856489069423e-7,
                0,
                0,
                1,
                0,
                0,
                2.3841856489069423e-7,
                0,
                0.9999999999999432,
                0,
                7.490732692669427e-16,
                0,
                0.07228865474462509,
                1
            ],
            "rest": [
                0.9999999999999716,
                0,
                -2.3841856489070778e-7,
                0,
                0,
                1,
                0,
                0,
                2.3841856489070778e-7,
                0,
                0.9999999999999716,
                0,
                0,
                0,
                0.07228865474462509,
                1
            ],
            "linkedTransformNodeId": "57088adb-a3f6-43a8-a3df-6df6cab1285c"
        },
        {
            "parentBoneIndex": 0,
            "index": 1,
            "name": "Body",
            "id": "dd1d8036-cbf1-4dfb-9073-a04be3aa2996",
            "matrix": [
                0.9999999999996589,
                0,
                -4.768371724137358e-7,
                0,
                0,
                1,
                0,
                0,
                4.768371724137358e-7,
                0,
                0.9999999999996589,
                0,
                0.00045321943943954756,
                0.8654014468193054,
                -0.04560568205271176,
                1
            ],
            "rest": [
                0.8890508273985844,
                0,
                -0.45780850021508,
                0,
                0,
                1,
                0,
                0,
                0.45780850021508,
                0,
                0.8890508273985844,
                0,
                0.0004532194579951465,
                0.8289528489112854,
                -0.04560568183660507,
                1
            ],
            "linkedTransformNodeId": "4d154c55-6424-4418-aa48-699fab98dbb7"
        },
        {
            "parentBoneIndex": 1,
            "index": 2,
            "name": "Hips",
            "id": "76f82b0a-ca9b-4198-8d55-2e42539186a8",
            "matrix": [
                1.000000000000095,
                -2.459068426603939e-8,
                5.370359233346234e-7,
                0,
                9.874584342666095e-8,
                0.9903590909042601,
                -0.13852376723715623,
                0,
                -5.284520222133667e-7,
                0.13852376723715162,
                0.9903590909043567,
                0,
                -0.0007970076179192392,
                0.02869494690815466,
                0.0330749134483902,
                1
            ],
            "rest": [
                0.9999999403952106,
                -2.6896254017560783e-8,
                5.372373108624632e-7,
                0,
                1.0105709514000743e-7,
                0.9903591092258882,
                -0.13852376701864408,
                0,
                -5.283321253507731e-7,
                0.13852376701867833,
                0.9903591092257477,
                0,
                -0.000797010026872158,
                0.02869505248963833,
                0.03307492658495903,
                1
            ],
            "linkedTransformNodeId": "c67a8c4e-5589-4c58-9492-a5fe98411f6f"
        },
        {
            "parentBoneIndex": 2,
            "index": 3,
            "name": "Abdomen",
            "id": "5e697284-d111-4ada-9044-bf2c06db0b9d",
            "matrix": [
                0.9999999999990743,
                1.004629539223161e-7,
                -8.71245628761206e-7,
                0,
                -1.6840386055622167e-8,
                0.9954339250160134,
                0.09545397515073814,
                0,
                8.768571452276e-7,
                -0.09545397515063203,
                0.9954339250150933,
                0,
                1.753025459169666e-12,
                0.10610450796032911,
                1.3633952883340683e-8,
                1
            ],
            "rest": [
                0.9999999999996285,
                9.730297029425679e-8,
                -8.564617250347159e-7,
                0,
                -1.510600387072951e-8,
                0.9954339636039503,
                0.09545398565417945,
                0,
                8.618389427143502e-7,
                -0.09545397427513058,
                0.9954338449386206,
                0,
                -2.5050084229150116e-9,
                0.10610455274581909,
                -7.641332899765985e-9,
                1
            ],
            "linkedTransformNodeId": "5a747196-d580-4469-9339-f8908c447fd6"
        },
        {
            "parentBoneIndex": 3,
            "index": 4,
            "name": "Torso",
            "id": "40c51a96-8cc2-46c3-bd90-05df13bec18a",
            "matrix": [
                0.999999999998988,
                -3.334384236868471e-8,
                0.0000016636150077948218,
                0,
                -5.8226674091256674e-8,
                0.998485691840889,
                0.055012744246576074,
                0,
                -0.0000016629299450490122,
                -0.055012741662244874,
                0.9984856322912782,
                0,
                -1.654572258282666e-11,
                0.16200346031933566,
                -7.1154730024725055e-9,
                1
            ],
            "rest": [
                0.8869350934214046,
                -0.01818787331656946,
                0.46153585385759804,
                0,
                -0.06299794939652692,
                0.9851234592177883,
                0.15988442349118936,
                0,
                -0.4575776727775156,
                -0.17088288774601573,
                0.872594612570725,
                0,
                3.917068613912278e-10,
                0.16200360655784607,
                1.226817047950135e-8,
                1
            ],
            "linkedTransformNodeId": "fb765393-be7e-47bf-ad75-04b4a56312cc"
        },
        {
            "parentBoneIndex": 4,
            "index": 5,
            "name": "Chest",
            "id": "1e1b3e2c-2af8-4cf0-b831-910b2673f5c2",
            "matrix": [
                1,
                -4.132384099041872e-9,
                -3.221239386710238e-10,
                0,
                4.134617757507951e-9,
                0.9999735784062349,
                0.007272927474931733,
                0,
                2.9201560132146263e-10,
                -0.007272927737010958,
                0.9999735187990099,
                0,
                2.5765619943596968e-11,
                0.21629180157853334,
                2.4025034323083005e-9,
                1
            ],
            "rest": [
                0.9999998807907104,
                -4.219480410564201e-9,
                -3.8107045910739503e-10,
                0,
                4.2221405628459294e-9,
                0.9999734923104795,
                0.007272926966952678,
                0,
                3.503724891145732e-10,
                -0.007272928267453443,
                0.9999736711196846,
                0,
                4.757212401784727e-10,
                0.21629180014133453,
                -1.1810221245411867e-8,
                1
            ],
            "linkedTransformNodeId": "53eabede-1404-4674-a7f0-9bf2bf7fbd63"
        },
        {
            "parentBoneIndex": 5,
            "index": 6,
            "name": "Neck",
            "id": "cd0b3ad6-a913-4ce1-b503-958cb7e040ef",
            "matrix": [
                0.9999999999989866,
                -1.4588037178934297e-8,
                -0.0000013554533810159722,
                0,
                -1.1088562503099395e-8,
                0.9998205899978385,
                -0.018941250093728306,
                0,
                0.0000013554865176949235,
                0.018941247835744444,
                0.999820590018213,
                0,
                3.125730203097296e-11,
                0.133250623583834,
                1.2001541965095397e-9,
                0.9999999999999999
            ],
            "rest": [
                0.9999999999990808,
                -1.4623506365689363e-8,
                -0.0000013557601807312717,
                0,
                -1.1058916772349377e-8,
                0.999820598300384,
                -0.01894125860798522,
                0,
                0.0000013557941042836724,
                0.018941260865956787,
                0.999820717487368,
                0,
                -3.664139547332468e-10,
                0.13325069844722748,
                -6.363095383932205e-9,
                1
            ],
            "linkedTransformNodeId": "8d2ff7ce-ec55-4211-a86d-e3f2e1e51364"
        },
        {
            "parentBoneIndex": 6,
            "index": 7,
            "name": "Head",
            "id": "1c0752f2-f37b-49b6-ae32-20853895d30a",
            "matrix": [
                0.9999998756792723,
                -1.0262248596168507e-12,
                0.000550950456488736,
                0,
                2.5185314375469053e-19,
                1.0000000596046559,
                1.8626455118269285e-9,
                0,
                -0.0005509504568297966,
                -1.8626450300920662e-9,
                0.9999998756792723,
                0,
                -1.5664543772352102e-11,
                0.07672867691011653,
                7.114657474271979e-11,
                1.0000000000000002
            ],
            "rest": [
                0.9999999385817083,
                0.0002540336048300624,
                0.0005447220491704583,
                0,
                -0.00022703315572662568,
                0.998798407042995,
                -0.04900704656459166,
                0,
                -0.0005565168850145493,
                0.049006914042621134,
                0.9987982843065185,
                0,
                3.2096192370545396e-10,
                0.0767284706234932,
                1.5117368690198418e-8,
                1
            ],
            "linkedTransformNodeId": "af9a12dc-e87f-4eee-851b-19e6181fa0b6"
        },
        {
            "parentBoneIndex": 5,
            "index": 8,
            "name": "Shoulder.L",
            "id": "2b731374-1348-44d0-9f35-3e1c0e4f194b",
            "matrix": [
                -0.4348360349516689,
                0.7082800370129934,
                0.5561085709506433,
                0,
                0.8249720265977958,
                0.5609061496497136,
                -0.06932287875537861,
                0,
                -0.36102467270375144,
                0.42862992934378874,
                -0.8282133941158223,
                0,
                0.09874150613160122,
                0.018339747189841216,
                0.02278007357349556,
                0.9999999999999999
            ],
            "rest": [
                -0.4348360099894405,
                0.7082803277066465,
                0.5561087204237404,
                0,
                0.824972156662163,
                0.5609059834015563,
                -0.06932295321390584,
                0,
                -0.36102470996393166,
                0.42862998575781575,
                -0.8282134725856167,
                0,
                0.09873548895120621,
                0.029017679393291473,
                0.02127569541335106,
                1
            ],
            "linkedTransformNodeId": "42abbc8c-08c2-4cfa-972c-6aafab9c1e5f"
        },
        {
            "parentBoneIndex": 8,
            "index": 9,
            "name": "UpperArm.L",
            "id": "626df8ae-1855-4940-94b1-bdfd033b0481",
            "matrix": [
                0.560299958546562,
                -0.041593446023079884,
                -0.8272448895516535,
                0,
                -0.4465322274652043,
                0.8260101927577753,
                -0.3439714273827517,
                0,
                0.6976196165857433,
                0.5621185378514232,
                0.44424054777873684,
                0,
                1.0079910306437512e-7,
                0.06563339788741318,
                5.997879282126917e-8,
                1
            ],
            "rest": [
                0.3730149603720392,
                -0.17258434443174764,
                -0.9116328613371039,
                0,
                -0.9178985511672366,
                -0.2119840612748597,
                -0.3354472684447756,
                0,
                -0.1353587054435863,
                0.9619133942571878,
                -0.23748815551012115,
                0,
                -2.7181563666545117e-8,
                0.06563325971364975,
                -4.153247701310647e-8,
                1
            ],
            "linkedTransformNodeId": "14f7971b-d373-426e-9685-804e7f50fe38"
        },
        {
            "parentBoneIndex": 9,
            "index": 10,
            "name": "LowerArm.L",
            "id": "c382cf5a-81a4-4ca9-888f-b12b24f6c035",
            "matrix": [
                0.9892625828876083,
                -0.14581827761366176,
                0.009831343667955012,
                0,
                0.14582530420918194,
                0.9893103642472144,
                -5.1118539296601376e-8,
                0,
                -0.009726241825081324,
                0.0014337093279186564,
                0.999951680112827,
                0,
                -3.0450222898714685e-9,
                0.1819079340702304,
                -1.343274309562048e-7,
                1.0000000000000002
            ],
            "rest": [
                0.9303089164217188,
                -0.35220062337395464,
                0.10237151049451115,
                0,
                0.36654908347328,
                0.902616056452299,
                -0.2256677004955538,
                0,
                -0.012921867160884073,
                0.247464856569188,
                0.9688105767820561,
                0,
                1.227661527991586e-9,
                0.18190793693065643,
                -1.931380211317446e-8,
                1
            ],
            "linkedTransformNodeId": "bdf909ff-8c84-4fd4-b9ba-bb6c355e6daa"
        },
        {
            "parentBoneIndex": 10,
            "index": 11,
            "name": "Wrist.L",
            "id": "a6fdc3e5-e689-4fc1-a19a-2d2c8459482c",
            "matrix": [
                0.9960073529852095,
                0.07900864626023198,
                -0.04155482797889884,
                0,
                -0.07811410224051664,
                0.9966852886921408,
                0.022729188134657238,
                0,
                0.04321288605123105,
                -0.019392418704555554,
                0.998877719657433,
                0,
                6.426513557422631e-9,
                0.2352799700955142,
                8.195290623902451e-8,
                0.9999999999999999
            ],
            "rest": [
                0.9991502248762181,
                0.021351458904442944,
                -0.03524357021870642,
                0,
                -0.02055369510751725,
                0.9995276513060096,
                0.022845150270595877,
                0,
                0.03571471504907928,
                -0.022101360818654547,
                0.9991175457163953,
                0,
                2.383546027218131e-9,
                0.23528000712394714,
                1.7904699944892855e-8,
                1
            ],
            "linkedTransformNodeId": "57f34c6e-7f24-487f-ada3-021cc6daefab"
        },
        {
            "parentBoneIndex": 11,
            "index": 12,
            "name": "Index1.L",
            "id": "3ddc0867-4e63-4c6e-8d3d-de684cb36cd6",
            "matrix": [
                0.9821786042233135,
                -0.18605070041924157,
                -0.026655254639279126,
                0,
                0.18554695466467827,
                0.9824258954918728,
                -0.020289484069193106,
                0,
                0.029961686739407963,
                0.014982095737077795,
                0.9994387938872547,
                0,
                -1.4556373776480891e-8,
                0.02803786594657043,
                2.7356374054932076e-8,
                1.0000000000000002
            ],
            "rest": [
                0.9821784536605782,
                -0.18605070343228766,
                -0.026655249067146534,
                0,
                0.1855469106421512,
                0.9824257345031413,
                -0.02028948239541409,
                0,
                0.0299616804174838,
                0.01498209609547863,
                0.9994387001275234,
                0,
                -7.437787052921863e-10,
                0.028037989512085915,
                -1.965470985965112e-8,
                1
            ],
            "linkedTransformNodeId": "6067af7e-841d-4570-9c6c-f878e578ed39"
        },
        {
            "parentBoneIndex": 12,
            "index": 13,
            "name": "Index2.L",
            "id": "54a53595-139b-46db-af6f-baad10b8a83a",
            "matrix": [
                0.9868965128815861,
                0.1336305769117932,
                0.09043241812409261,
                0,
                -0.14669230611102585,
                0.9764963225032735,
                0.15791165762654427,
                0,
                -0.06720511630601203,
                -0.16910819540724073,
                0.9833035337913619,
                0,
                1.2070786897799834e-8,
                0.12436745864274379,
                -2.7945394887041175e-8,
                1
            ],
            "rest": [
                0.9889435961554491,
                0.13623231424028312,
                0.05857645581802472,
                0,
                -0.13097445365842303,
                0.9876660928476207,
                -0.08579710565518853,
                0,
                -0.06954232569729557,
                0.07717648818867472,
                0.994589128986848,
                0,
                -1.6291751947505873e-8,
                0.12436752021312714,
                5.895091526042506e-9,
                1
            ],
            "linkedTransformNodeId": "4eef088f-5320-463d-9561-2ff624a3a60f"
        },
        {
            "parentBoneIndex": 13,
            "index": 14,
            "name": "Index3.L",
            "id": "eb0238c8-d321-476e-a5dc-cd84b4d9908f",
            "matrix": [
                0.9993603508149277,
                0.03558166126797207,
                0.003602925381890505,
                0,
                -0.035459734620682644,
                0.9989329629233372,
                -0.029596881029243065,
                0,
                -0.004652185147508488,
                0.02945018416822543,
                0.9995554400465128,
                0,
                -1.4173937024075656e-8,
                0.032753793481881566,
                -3.350696586856827e-8,
                1
            ],
            "rest": [
                0.9984730915814283,
                0.048086860467536005,
                -0.027191501216418182,
                0,
                -0.05177348113876381,
                0.9862395520631971,
                -0.1570072984002818,
                0,
                0.019267341547099193,
                0.1581753235667902,
                0.9872230433124447,
                0,
                -3.7229073157618586e-9,
                0.03275370970368385,
                -6.98626152484394e-8,
                1
            ],
            "linkedTransformNodeId": "855ab80f-30ef-4028-b458-bb5529d7eb6a"
        },
        {
            "parentBoneIndex": 14,
            "index": 15,
            "name": "Index4.L",
            "id": "b65f7233-6a1b-4cc1-8a9d-18603f15351a",
            "matrix": [
                0.9999804353277367,
                0.0031435149393075484,
                -0.005401631084722011,
                0,
                -0.003084475907582672,
                0.9999356675531315,
                0.010902438128486715,
                0,
                0.005435544192622946,
                -0.010885541829078391,
                0.9999258485309648,
                0,
                -4.642706427637755e-9,
                0.029531384089188095,
                -7.321701600560004e-8,
                1
            ],
            "rest": [
                0.999759369283868,
                0.009334780360901757,
                -0.019848080463830242,
                0,
                -0.010503474152141161,
                0.9981658089774488,
                -0.05961726901286203,
                0,
                0.019255164750462975,
                0.059811407720543976,
                0.9980238456878183,
                0,
                0,
                0.029531456530094147,
                1.5972182154655457e-7,
                1
            ],
            "linkedTransformNodeId": "ef1c1ca2-678c-4952-b897-56fd2be15c8f"
        },
        {
            "parentBoneIndex": 11,
            "index": 16,
            "name": "Middle1.L",
            "id": "7afb8399-4ae7-451d-a112-0e139cd8b1ba",
            "matrix": [
                0.998674559547741,
                0.032800356894943934,
                0.03966188631403087,
                0,
                -0.0347973507037614,
                0.9981047447594837,
                0.05075494928459756,
                0,
                -0.037921939367248185,
                -0.05206781252331149,
                0.9979234025044236,
                0,
                3.2685046440217302e-9,
                0.028037906334467455,
                1.7264591090082604e-8,
                1.0000000000000002
            ],
            "rest": [
                0.9986744189585293,
                0.03280035270060007,
                0.03966188262786651,
                0,
                -0.03479734930821207,
                0.998104683968097,
                0.05075495146942983,
                0,
                -0.03792194181150592,
                -0.05206781557433146,
                0.9979232780605397,
                0,
                7.445643213088715e-9,
                0.02803792804479599,
                1.1090792284562667e-8,
                1
            ],
            "linkedTransformNodeId": "e28c8a6d-1b2d-4a04-adf3-63115440c571"
        },
        {
            "parentBoneIndex": 16,
            "index": 17,
            "name": "Middle2.L",
            "id": "40175252-0513-43a9-9df4-6d926f7d9e07",
            "matrix": [
                0.9994313563495097,
                0.0173533189439167,
                -0.02890775072044773,
                0,
                -0.016760699596919094,
                0.9996469200286702,
                0.020618091941841162,
                0,
                0.02925533663363212,
                -0.02012185774989797,
                0.9993693380468908,
                0,
                -3.925373456836745e-9,
                0.12387837952156333,
                -1.1232887286993787e-7,
                0.9999999999999999
            ],
            "rest": [
                0.9955395713224527,
                0.07506185274025665,
                -0.057152801248373866,
                0,
                -0.08440409367477394,
                0.9792794065318362,
                -0.1840870326284156,
                0,
                0.04215064406729182,
                0.1880898331067185,
                0.9812468106007907,
                0,
                -2.8616606861930904e-9,
                0.12387849390506744,
                1.461669629776452e-8,
                1
            ],
            "linkedTransformNodeId": "8c3bdafe-8a92-4922-9db2-5639a879628b"
        },
        {
            "parentBoneIndex": 17,
            "index": 18,
            "name": "Middle3.L",
            "id": "0573e6cf-65e6-4be3-9767-705eb19bdd96",
            "matrix": [
                0.999914475859828,
                -0.005454320880373237,
                0.011878788843836731,
                0,
                0.005846768454690329,
                0.9994298432235807,
                -0.033257466684054694,
                0,
                -0.011690619820649636,
                0.033324063797549604,
                0.999376109637179,
                0,
                5.801400138061297e-9,
                0.04039363220112513,
                1.51702840289758e-7,
                1
            ],
            "rest": [
                0.9992117131142171,
                -0.038915259622037436,
                -0.007845695847154277,
                0,
                0.03591036574962261,
                0.9702924811292174,
                -0.23925548079984787,
                0,
                0.01692330682693627,
                0.23878510856897542,
                0.9709249577544821,
                0,
                -7.742038121705264e-9,
                0.04039362072944641,
                1.0478308354322508e-7,
                1
            ],
            "linkedTransformNodeId": "951b5068-34b7-438d-a685-23207751b7af"
        },
        {
            "parentBoneIndex": 18,
            "index": 19,
            "name": "Middle4.L",
            "id": "148b6f9b-5869-4426-8588-adfc2e3c1b31",
            "matrix": [
                0.9999441006234455,
                -0.006944646249028205,
                -0.007982637641289883,
                0,
                0.007410643174071077,
                0.9981762509614105,
                0.05991117574011982,
                0,
                0.007552015847959526,
                -0.059966983162886366,
                0.9981718419368544,
                0,
                -6.634229887669818e-9,
                0.04037168015236481,
                -2.4663201458885453e-7,
                1
            ],
            "rest": [
                0.9995843979673065,
                -0.02258497355750722,
                -0.017915087944791724,
                0,
                0.021886231658296187,
                0.9990271222039233,
                -0.03828423841101511,
                0,
                0.01876230831641486,
                0.03787623592892898,
                0.999106283976396,
                0,
                -8.614525981442966e-9,
                0.0403716079890728,
                -1.1318416426320255e-7,
                1
            ],
            "linkedTransformNodeId": "6130a378-9ac7-4f93-a08b-0e9a4210dc7e"
        },
        {
            "parentBoneIndex": 11,
            "index": 20,
            "name": "Ring1.L",
            "id": "597fe146-16e5-46cf-94f2-80eb854bb6fb",
            "matrix": [
                0.9621853634923695,
                0.252555461372886,
                0.102053353868048,
                0,
                -0.2543905162673859,
                0.9670875362957772,
                0.005169496452989084,
                0,
                -0.09738897330517905,
                -0.03093542239608659,
                0.9947652973394706,
                0,
                4.239641777578629e-8,
                0.028037877273467293,
                -1.2176557562249002e-7,
                1.0000000000000002
            ],
            "rest": [
                0.9621854354918853,
                0.2525555287163766,
                0.1020533822947641,
                0,
                -0.2543905593488515,
                0.9670876286335264,
                0.005169488363619576,
                0,
                -0.09738899223235045,
                -0.030935427038938035,
                0.9947654917481699,
                0,
                1.8062969786569738e-8,
                0.02803793177008629,
                1.2463753584768256e-8,
                1
            ],
            "linkedTransformNodeId": "913d3ce2-5f01-458c-b991-a5baa85c1d47"
        },
        {
            "parentBoneIndex": 20,
            "index": 21,
            "name": "Ring2.L",
            "id": "1335167d-3e84-4e3b-a7f6-c7a7acdaba52",
            "matrix": [
                0.9727239182785273,
                -0.04343323514688513,
                -0.2278636720142623,
                0,
                0.058865358067280826,
                0.9963778911523408,
                0.06136910124038188,
                0,
                0.22437283528764213,
                -0.0731084643500787,
                0.971757355589325,
                0,
                4.208858861431963e-8,
                0.12290296845809379,
                2.815239019682281e-7,
                0.9999999999999999
            ],
            "rest": [
                0.9457961239478384,
                -0.0981650645177944,
                -0.30956937541796536,
                0,
                0.045558592735271075,
                0.983901572235071,
                -0.17280657503971608,
                0,
                0.32154942068124076,
                0.14933627163383661,
                0.9350427224950784,
                0,
                -3.6489154808805324e-8,
                0.12290292233228683,
                -1.0113812010104084e-7,
                1
            ],
            "linkedTransformNodeId": "16fda932-0639-414a-bb2d-ab22acf661e7"
        },
        {
            "parentBoneIndex": 21,
            "index": 22,
            "name": "Ring3.L",
            "id": "4808de1e-fbaf-47a7-81d0-41a60d0a2a80",
            "matrix": [
                0.9995534685002984,
                -0.025673613971290005,
                0.015289492828872098,
                0,
                0.025267468868165402,
                0.999337608969274,
                0.026188765496554064,
                0,
                -0.015951708999463576,
                -0.025790737237553943,
                0.9995400499981983,
                0,
                4.78482095611632e-9,
                0.033938938410826736,
                -2.7062701279945145e-7,
                1
            ],
            "rest": [
                0.9933254441982238,
                -0.09171210319778181,
                -0.06995491799746348,
                0,
                0.07269881871409074,
                0.9686360279873196,
                -0.23761104413247242,
                0,
                0.08955265168827646,
                0.23093942857648642,
                0.9688380587861923,
                0,
                -1.4901161193847656e-8,
                0.033938780426979065,
                -4.377216100692749e-8,
                1
            ],
            "linkedTransformNodeId": "1fc63a50-9c31-425a-b88c-fd66fb0bcd7e"
        },
        {
            "parentBoneIndex": 22,
            "index": 23,
            "name": "Ring4.L",
            "id": "e848a63e-fb41-4a30-b464-a2c291614c59",
            "matrix": [
                0.9998171711105707,
                0.01800970415972193,
                -0.0064309138778488595,
                0,
                -0.0180126469904619,
                0.9998377498655082,
                -0.00039951626764409345,
                0,
                0.006422670350843179,
                0.0005152820902711193,
                0.9999792443402169,
                0,
                9.281689188067599e-9,
                0.03317741541994834,
                2.047531431070837e-7,
                0.9999999999999999
            ],
            "rest": [
                0.998077983189414,
                -0.019434530869391745,
                -0.058846215642984985,
                0,
                0.010387364264045754,
                0.9885842160746622,
                -0.15031164281342455,
                0,
                0.06109566154253324,
                0.1494114486547356,
                0.9868857788408867,
                0,
                1.4847860718703032e-8,
                0.03317749500274658,
                8.549017849190932e-8,
                1
            ],
            "linkedTransformNodeId": "0c8e056c-8c61-444e-a6a0-9b1512903567"
        },
        {
            "parentBoneIndex": 11,
            "index": 24,
            "name": "Pinky1.L",
            "id": "8de919cc-8424-4417-b8a7-868629d61b70",
            "matrix": [
                0.8871783161193639,
                0.4372456618112345,
                0.14741342533149732,
                0,
                -0.44214564113566057,
                0.8969432044293104,
                0.0005258031078129617,
                0,
                -0.13199154425270979,
                -0.06564468515713133,
                0.9890748016093214,
                0,
                1.5936093483021052e-8,
                0.028037968072076258,
                -6.854046152859894e-8,
                1.0000000000000002
            ],
            "rest": [
                0.8871783567570857,
                0.4372457585245605,
                0.14741343427050635,
                0,
                -0.4421457334017425,
                0.8969432100788788,
                0.0005258082057360219,
                0,
                -0.13199155652880779,
                -0.06564469576996101,
                0.9890748222220653,
                0,
                3.016526761712157e-8,
                0.028037941083312035,
                1.533630289429766e-8,
                1
            ],
            "linkedTransformNodeId": "7979382f-4817-4e9f-a2e0-bb631a7219fa"
        },
        {
            "parentBoneIndex": 24,
            "index": 25,
            "name": "Pinky2.L",
            "id": "5fe08d3e-2c09-493e-8316-f76b001a8636",
            "matrix": [
                0.9292868606254774,
                -0.11436848223055568,
                -0.3512064050113339,
                0,
                0.14106961906427712,
                0.9886690815231162,
                0.05131338676502667,
                0,
                0.3413582399219839,
                -0.09722939283432544,
                0.9348909402603486,
                0,
                1.8781762478603525e-8,
                0.11949387538655487,
                1.5271039210951187e-7,
                1
            ],
            "rest": [
                0.9422167184836784,
                -0.16683583067279928,
                -0.2905055449491971,
                0,
                0.0856959633725426,
                0.9583509634797737,
                -0.2724323804254294,
                0,
                0.3238578255338759,
                0.2317952499567569,
                0.9172716743579062,
                0,
                2.5756978772051298e-9,
                0.11949393898248672,
                3.450126584425561e-8,
                1
            ],
            "linkedTransformNodeId": "9f1858ab-d00a-49a1-8185-e527ee8057bc"
        },
        {
            "parentBoneIndex": 25,
            "index": 26,
            "name": "Pinky3.L",
            "id": "aa5a08e7-c3cd-451f-912d-e8895892e40f",
            "matrix": [
                0.9992753247494023,
                0.030352099878017624,
                0.022967977164864956,
                0,
                -0.03062658546421687,
                0.9994623089039022,
                0.011695859579977708,
                0,
                -0.022600629635586594,
                -0.012390811926339396,
                0.9996677057210939,
                0,
                1.2514722980139226e-8,
                0.026563921197247486,
                -9.715665849618915e-8,
                1
            ],
            "rest": [
                0.9925269746529,
                -0.03556779461166526,
                0.11672676301243834,
                0,
                0.056127810923634364,
                0.9824477236616594,
                -0.17789295144930728,
                0,
                -0.1083506894635229,
                0.18311518129234935,
                0.9771022675215518,
                0,
                4.2819241485858583e-8,
                0.026563867926597595,
                -9.56004964081103e-9,
                1
            ],
            "linkedTransformNodeId": "a5ffd488-5ee5-47a2-bf4b-8e56fc0404cb"
        },
        {
            "parentBoneIndex": 26,
            "index": 27,
            "name": "Pinky4.L",
            "id": "e96b6399-2ec9-4869-9ce4-7a092766e39b",
            "matrix": [
                0.9999955830113386,
                0.0023437685751354076,
                -0.0017883588250948435,
                0,
                -0.002296538573555551,
                0.9996595264493303,
                0.02599151119194744,
                0,
                0.0018486220156001265,
                -0.02598730025466367,
                0.9996605745917929,
                0,
                -3.5964026215418166e-8,
                0.027583098637085635,
                4.1541889927998454e-8,
                1
            ],
            "rest": [
                0.9993088196674629,
                -0.001462359792243372,
                0.03714170162605447,
                0,
                0.010051625773872083,
                0.9726285844247353,
                -0.23214728590278874,
                0,
                -0.035785602064836886,
                0.23236019245250925,
                0.9719711376381813,
                0,
                -7.454024064657006e-9,
                0.027583129703998566,
                -4.749681892235458e-8,
                1
            ],
            "linkedTransformNodeId": "ba1afaa3-2592-4973-a458-d5b09daf34bf"
        },
        {
            "parentBoneIndex": 11,
            "index": 28,
            "name": "Thumb1.L",
            "id": "c7694dc4-a750-4a68-8bed-46251efcdabc",
            "matrix": [
                0.6082409617696113,
                -0.7514903701334629,
                -0.2555486981757224,
                0,
                0.6969756751713038,
                0.6597055083515138,
                -0.281093832292571,
                0,
                0.3798261713922383,
                -0.00713851296152869,
                0.9250304200570232,
                0,
                1.9587057973821653e-8,
                0.028037964749464517,
                -1.0346977297182036e-7,
                1
            ],
            "rest": [
                0.6820077347892697,
                -0.6326247399559649,
                -0.3669490824170226,
                0,
                0.6357046785582243,
                0.7608675673790599,
                -0.13023098138951794,
                0,
                0.36158695334364144,
                -0.14445269353179513,
                0.9210799613196374,
                0,
                -6.87826826606397e-8,
                0.028038017451763153,
                4.14068175302873e-8,
                1
            ],
            "linkedTransformNodeId": "3e3d09d3-12bb-466b-aaf8-279ea38cbf29"
        },
        {
            "parentBoneIndex": 28,
            "index": 29,
            "name": "Thumb2.L",
            "id": "81b6b9ed-c274-4a9a-8e4e-a958e68d0475",
            "matrix": [
                0.9557129234659134,
                0.15813350673365895,
                0.24820614458484452,
                0,
                -0.1784989900915726,
